[Variables]
nozzle_expansion_applied_offset = 0.10500000000155758
nozzle_expansion_coefficient = 0.08750000000129798

